0
0.031408090134102097
0.062785184275186617
0.094100317019536861
0.12532258411185979
0.15642117294404326
0.18736539296348714
0.21812470596097158
0.24866875620819104
0.27896740041517454
0.30899073747809608
0.33870913798802249
0.3680932734716077
0.39711414533471362
0.42574311348054994
0.45395192457396932
0.48171273992410979
0.50899816295782507
0.53578126625680378
0.56203561813165348
0.58773530870677138
0.61285497549034273
0.63736982840398426
0.66125567424759646
0.68448894057507392
0.7070466989575519
0.72890668761094479
0.75004733336564877
0.77044777295662625
0.79008787361297317
0.80894825292653905
0.82701029797998094
0.84425618371546329
0.86066889052591111
0.87623222105122156
0.8909308161631514
0.90475017012291437
0.91767664489656564
0.92969748361416349
0.94080082315915847
0.95097570587596625
0.96021209038376609
0.96850086148615744
0.97583383916678657
0.98220378666200914
0.98760441760268958
0.99203040221813643
0.99547737259589075
0.99794192699228712
0.99942163318974886
0.99991503089690781
0.99942163318974886
0.99794192699228712
0.99547737259589075
0.99203040221813654
0.98760441760268958
0.98220378666200925
0.97583383916678668
0.96850086148615744
0.9602120903837662
0.95097570587596636
0.94080082315915847
0.9296974836141636
0.91767664489656564
0.90475017012291425
0.89093081616315151
0.87623222105122134
0.86066889052591111
0.84425618371546318
0.82701029797998094
0.80894825292653916
0.79008787361297306
0.77044777295662625
0.75004733336564899
0.72890668761094468
0.70704669895755201
0.68448894057507415
0.66125567424759646
0.63736982840398448
0.61285497549034262
0.58773530870677149
0.5620356181316537
0.53578126625680411
0.50899816295782485
0.48171273992410968
0.45395192457396943
0.42574311348055016
0.39711414533471406
0.36809327347160792
0.33870913798802244
0.30899073747809619
0.27896740041517482
0.24866875620819148
0.2181247059609718
0.18736539296348712
0.15642117294404337
0.12532258411186006
0.094100317019536944
0.062785184275186826
0.031408090134102042
1.2246467991473532e-16
-0.031408090134101799
-0.06278518427518659
-0.094100317019536694
-0.12532258411185981
-0.15642117294404312
-0.18736539296348731
-0.21812470596097155
-0.24866875620819082
-0.27896740041517415
-0.30899073747809597
-0.3387091379880226
-0.3680932734716077
-0.3971141453347134
-0.42574311348054955
-0.45395192457396966
-0.48171273992410985
-0.50899816295782496
-0.53578126625680356
-0.56203561813165315
-0.58773530870677093
-0.61285497549034285
-0.63736982840398426
-0.66125567424759635
-0.6844889405750737
-0.70704669895755157
-0.72890668761094479
-0.75004733336564877
-0.77044777295662636
-0.79008787361297317
-0.80894825292653905
-0.82701029797998082
-0.84425618371546352
-0.86066889052591122
-0.87623222105122145
-0.8909308161631514
-0.90475017012291459
-0.91767664489656575
-0.9296974836141636
-0.94080082315915847
-0.95097570587596625
-0.96021209038376609
-0.96850086148615755
-0.97583383916678668
-0.98220378666200925
-0.98760441760269235
-0.99203040221813643
-0.99547737259589075
-0.99794192699228712
-0.99942163318974886
-0.99991503089690781
-0.99942163318974886
-0.99794192699228712
-0.99547737259589075
-0.99203040221813654
-0.98760441760268958
-0.98220378666200925
-0.97583383916678679
-0.96850086148615744
-0.9602120903837662
-0.95097570587596636
-0.94080082315915858
-0.92969748361416371
-0.91767664489656597
-0.9047501701229147
-0.89093081616315195
-0.87623222105122123
-0.86066889052591089
-0.84425618371546318
-0.82701029797998105
-0.80894825292653927
-0.79008787361297339
-0.77044777295662659
-0.75004733336564933
-0.72890668761094535
-0.70704669895755279
-0.68448894057507426
-0.66125567424759624
-0.63736982840398426
-0.61285497549034273
-0.5877353087067716
-0.56203561813165381
-0.53578126625680422
-0.50899816295782574
-0.4817127399241099
-0.45395192457396955
-0.42574311348055027
-0.39711414533471334
-0.36809327347160764
-0.33870913798802255
-0.3089907374780963
-0.27896740041517493
-0.24866875620819159
-0.21812470596097236
-0.18736539296348723
-0.1564211729440449
-0.12532258411252248
-0.094100317235703071
-0.062785222096058566
-0.031410759078128361
