0
0.031410554487409224
0.062790110549781633
0.094107700353782991
0.12533241721929611
0.1564334461205793
0.1873800940969807
0.21814182054318085
0.24868826734908653
0.27898928885961621
0.3090149816248276
0.33873571391100638
0.36812215494361183
0.39714530385321511
0.4257765182958495
0.45398754271954722
0.4817505362491607
0.50903810016194206
0.53582330492678065
0.56207971678038893
0.5877814238142387
0.61290306154649654
0.63741983795369184
0.66130755793745788
0.6845426472021644
0.70710217551991961
0.72896387935991602
0.75010618385986294
0.77050822411775532
0.79014986578302759
0.80901172492672235
0.82707518717108586
0.84432242605970587
0.86073642065008882
0.87630097231125614
0.89100072070985048
0.90482115896892645
0.91774864798448086
0.92977042988561298
0.94087464062499149
0.95105032168724679
0.96028743090369184
0.96857685236274171
0.97591040540621099
0.98228085270263366
0.98768190738964434
0.99210823927834257
0.99555548011355666
0.99802022788476186
0.99950005018348975
0.99999348660379217
0.99950005018348975
0.99802022788476186
0.99555548011355666
0.99210823927834269
0.98768190738964434
0.98228085270263377
0.9759104054062111
0.96857685236274171
0.96028743090369195
0.9510503216872469
0.94087464062499149
0.92977042988561309
0.91774864798448086
0.90482115896892634
0.89100072070985059
0.87630097231125592
0.86073642065008882
0.84432242605970576
0.82707518717108586
0.80901172492672246
0.79014986578302748
0.77050822411775532
0.75010618385986316
0.72896387935991591
0.70710217551991972
0.68454264720216462
0.66130755793745788
0.63741983795369206
0.61290306154649643
0.58778142381423881
0.56207971678038915
0.53582330492678099
0.50903810016194184
0.48175053624916059
0.45398754271954733
0.42577651829584973
0.39714530385321556
0.36812215494361206
0.33873571391100632
0.30901498162482771
0.27898928885961649
0.24868826734908697
0.21814182054318107
0.18738009409698067
0.15643344612057941
0.12533241721929639
0.094107700353783033
0.062790110549781841
0.031410554487409169
1.2246467991473532e-16
-0.031410554487408926
-0.062790110549781605
-0.094107700353782783
-0.12533241721929614
-0.15643344612057916
-0.18738009409698086
-0.21814182054318082
-0.24868826734908631
-0.27898928885961582
-0.30901498162482749
-0.33873571391100649
-0.36812215494361183
-0.39714530385321489
-0.42577651829584912
-0.45398754271954755
-0.48175053624916075
-0.50903810016194195
-0.53582330492678043
-0.56207971678038859
-0.58778142381423826
-0.61290306154649665
-0.63741983795369184
-0.66130755793745777
-0.68454264720216418
-0.70710217551991927
-0.72896387935991602
-0.75010618385986294
-0.77050822411775544
-0.79014986578302759
-0.80901172492672235
-0.82707518717108575
-0.84432242605970609
-0.86073642065008893
-0.87630097231125603
-0.89100072070985048
-0.90482115896892668
-0.91774864798448097
-0.92977042988561309
-0.94087464062499149
-0.95105032168724679
-0.96028743090369184
-0.96857685236274182
-0.9759104054062111
-0.98228085270263377
-0.98768190738964423
-0.99210823927834257
-0.99555548011355666
-0.99802022788476186
-0.99950005018348975
-0.99999348660379217
-0.99950005018348975
-0.99802022788476186
-0.99555548011355666
-0.99210823927834269
-0.98768190738964434
-0.98228085270263377
-0.97591040540621121
-0.96857685236274171
-0.96028743090369195
-0.9510503216872469
-0.9408746406249916
-0.9297704298856132
-0.91774864798448119
-0.90482115896892679
-0.89100072070985104
-0.87630097231125581
-0.8607364206500886
-0.84432242605970576
-0.82707518717108597
-0.80901172492672258
-0.79014986578302782
-0.77050822411775566
-0.7501061838598635
-0.72896387935991658
-0.7071021755199205
-0.68454264720216473
-0.66130755793745766
-0.63741983795369184
-0.61290306154649654
-0.58778142381423892
-0.56207971678038926
-0.5358233049267811
-0.50903810016194273
-0.48175053624916148
-0.45398754271954744
-0.42577651829584984
-0.39714530385321484
-0.36812215494361178
-0.33873571391100643
-0.30901498162482782
-0.2789892888596166
-0.24868826734908708
-0.21814182054318162
-0.18738009409698078
-0.15643344612057955
-0.1253324172192965
-0.094107700353876708
-0.062790110771235502
-0.031410759078128361
