0
0.031409221558750318
0.062787446007903619
0.09410370682826584
0.12532709865126843
0.15642680775882581
0.18737214249276241
0.21813256354376978
0.24867771409002537
0.27897744975569699
0.30900186835981946
0.33872133942611388
0.36810653342471877
0.39712845071687236
0.42575845017407044
0.45396827744338675
0.48173009283111751
0.50901649877720079
0.53580056689330313
0.5620558645378757
0.58775648090196453
0.61287705258010405
0.6373927886008931
0.66127949489270466
0.68451359816028545
0.70707216914881021
0.72893294527224339
0.75007435258384236
0.77047552706701061
0.79011633522559555
0.8089773939532211
0.82704008966204445
0.84428659665211869
0.86069989470326325
0.87626378587188747
0.89096291047646536
0.90478276225566223
0.91770970268425289
0.929730974432738
0.94083471395723017
0.95100996320740672
0.96024668044072203
0.96853575013242232
0.97586899197148169
0.98223916893355545
0.98763999442306327
0.99206613847730152
0.99551323302647232
0.99797787620438427
0.99945763570582435
0.99995105118681804
0.99945763570582435
0.99797787620438427
0.99551323302647232
0.99206613847730163
0.98763999442306327
0.98223916893355556
0.9758689919714818
0.96853575013242232
0.96024668044072214
0.95100996320740683
0.94083471395723017
0.92973097443273811
0.91770970268425289
0.90478276225566212
0.89096291047646548
0.87626378587188725
0.86069989470326325
0.84428659665211858
0.82704008966204445
0.80897739395322121
0.79011633522559543
0.77047552706701061
0.75007435258384259
0.72893294527224328
0.70707216914881033
0.68451359816028567
0.66127949489270466
0.63739278860089332
0.61287705258010394
0.58775648090196464
0.56205586453787593
0.53580056689330346
0.50901649877720057
0.4817300928311174
0.45396827744338686
0.42575845017407066
0.39712845071687281
0.368106533424719
0.33872133942611382
0.30900186835981958
0.27897744975569727
0.24867771409002581
0.21813256354377
0.18737214249276238
0.15642680775882592
0.1253270986512687
0.094103706828265882
0.062787446007903827
0.031409221558750262
1.2246467991473532e-16
-0.03140922155875002
-0.062787446007903591
-0.094103706828265632
-0.12532709865126845
-0.15642680775882567
-0.18737214249276257
-0.21813256354376975
-0.24867771409002515
-0.2789774497556966
-0.30900186835981935
-0.33872133942611399
-0.36810653342471877
-0.39712845071687214
-0.42575845017407005
-0.45396827744338708
-0.48173009283111756
-0.50901649877720068
-0.53580056689330291
-0.56205586453787537
-0.58775648090196408
-0.61287705258010416
-0.6373927886008931
-0.66127949489270454
-0.68451359816028523
-0.70707216914880988
-0.72893294527224339
-0.75007435258384236
-0.77047552706701072
-0.79011633522559555
-0.8089773939532211
-0.82704008966204434
-0.84428659665211891
-0.86069989470326336
-0.87626378587188736
-0.89096291047646536
-0.90478276225566245
-0.917709702684253
-0.92973097443273811
-0.94083471395723017
-0.95100996320740672
-0.96024668044072203
-0.96853575013242243
-0.9758689919714818
-0.98223916893355556
-0.98763999442306494
-0.99206613847730152
-0.99551323302647232
-0.99797787620438427
-0.99945763570582435
-0.99995105118681804
-0.99945763570582435
-0.99797787620438427
-0.99551323302647232
-0.99206613847730163
-0.98763999442306327
-0.98223916893355556
-0.97586899197148191
-0.96853575013242232
-0.96024668044072214
-0.95100996320740683
-0.94083471395723028
-0.92973097443273822
-0.91770970268425323
-0.90478276225566256
-0.89096291047646592
-0.87626378587188714
-0.86069989470326302
-0.84428659665211858
-0.82704008966204456
-0.80897739395322132
-0.79011633522559577
-0.77047552706701095
-0.75007435258384292
-0.72893294527224395
-0.7070721691488111
-0.68451359816028579
-0.66127949489270443
-0.6373927886008931
-0.61287705258010405
-0.58775648090196475
-0.56205586453787604
-0.53580056689330358
-0.50901649877720145
-0.48173009283111817
-0.45396827744338697
-0.42575845017407077
-0.39712845071687208
-0.36810653342471872
-0.33872133942611393
-0.30900186835981969
-0.27897744975569738
-0.24867771409002593
-0.21813256354377056
-0.18737214249276249
-0.15642680775882611
-0.12532709865134212
-0.094103706869666071
-0.062787458609483621
-0.031410759078128361
