0
0.031410043012554963
0.06278908810483709
0.094106167947777333
0.12533037636452957
0.15643089883112901
0.18737704288671381
0.21813826842327291
0.24868421782505187
0.2789847459278455
0.30900994976864782
0.33873019809625038
0.36811616061372282
0.39713883692387275
0.4257695851491331
0.45398015019763582
0.48174269164757938
0.50902981122236546
0.53581457982939229
0.56207056413581002
0.58777185265501997
0.61289308131821651
0.6374094585056328
0.66129678951288429
0.68453150042820599
0.70709066139709775
0.72895200925127968
0.75009396947977869
0.77049567752034032
0.79013699935025761
0.80899855135621457
0.82706171946356577
0.84430867750617067
0.86072240481870443
0.87628670303395406
0.89098621206868422
0.90480642528217448
0.91773370379251162
0.92975528993654266
0.94085931986011773
0.95103483522631937
0.96027179402997753
0.96856108050794387
0.97589451413524742
0.98226485769826921
0.98766582443701822
0.992092084249388
0.99553926895134182
0.99800397658773532
0.99948377478972505
0.99997720317514149
0.99948377478972505
0.99800397658773532
0.99553926895134182
0.99209208424938811
0.98766582443701822
0.98226485769826932
0.97589451413524753
0.96856108050794387
0.96027179402997764
0.95103483522631949
0.94085931986011773
0.92975528993654277
0.91773370379251162
0.90480642528217436
0.89098621206868434
0.87628670303395384
0.86072240481870443
0.84430867750617056
0.82706171946356577
0.80899855135621468
0.7901369993502575
0.77049567752034032
0.75009396947977891
0.72895200925127956
0.70709066139709786
0.68453150042820621
0.66129678951288429
0.63740945850563302
0.6128930813182164
0.58777185265502008
0.56207056413581025
0.53581457982939262
0.50902981122236524
0.48174269164757927
0.45398015019763593
0.42576958514913332
0.3971388369238732
0.36811616061372304
0.33873019809625032
0.30900994976864793
0.27898474592784578
0.24868421782505232
0.21813826842327314
0.18737704288671378
0.15643089883112912
0.12533037636452984
0.094106167947777375
0.062789088104837298
0.031410043012554907
1.2246467991473532e-16
-0.031410043012554664
-0.062789088104837062
-0.094106167947777125
-0.12533037636452959
-0.15643089883112887
-0.18737704288671397
-0.21813826842327289
-0.24868421782505165
-0.27898474592784511
-0.30900994976864771
-0.33873019809625049
-0.36811616061372282
-0.39713883692387253
-0.42576958514913271
-0.45398015019763616
-0.48174269164757944
-0.50902981122236535
-0.53581457982939207
-0.56207056413580969
-0.58777185265501952
-0.61289308131821663
-0.6374094585056328
-0.66129678951288418
-0.68453150042820576
-0.70709066139709742
-0.72895200925127968
-0.75009396947977869
-0.77049567752034043
-0.79013699935025761
-0.80899855135621457
-0.82706171946356566
-0.84430867750617089
-0.86072240481870455
-0.87628670303395395
-0.89098621206868422
-0.9048064252821747
-0.91773370379251173
-0.92975528993654277
-0.94085931986011773
-0.95103483522631937
-0.96027179402997753
-0.96856108050794398
-0.97589451413524753
-0.98226485769826932
-0.98766582443701878
-0.992092084249388
-0.99553926895134182
-0.99800397658773532
-0.99948377478972505
-0.99997720317514149
-0.99948377478972505
-0.99800397658773532
-0.99553926895134182
-0.99209208424938811
-0.98766582443701822
-0.98226485769826932
-0.97589451413524764
-0.96856108050794387
-0.96027179402997764
-0.95103483522631949
-0.94085931986011784
-0.92975528993654288
-0.91773370379251196
-0.90480642528217481
-0.89098621206868478
-0.87628670303395373
-0.86072240481870421
-0.84430867750617056
-0.82706171946356588
-0.80899855135621479
-0.79013699935025783
-0.77049567752034065
-0.75009396947977924
-0.72895200925128023
-0.70709066139709864
-0.68453150042820632
-0.66129678951288406
-0.6374094585056328
-0.61289308131821651
-0.58777185265502019
-0.56207056413581036
-0.53581457982939273
-0.50902981122236612
-0.48174269164758016
-0.45398015019763605
-0.42576958514913343
-0.39713883692387247
-0.36811616061372276
-0.33873019809625043
-0.30900994976864804
-0.27898474592784589
-0.24868421782505243
-0.21813826842327369
-0.18737704288671389
-0.15643089883112926
-0.12533037636453365
-0.094106167951936964
-0.062789090841433179
-0.031410759078128361
