0
0.031410755978265599
0.06279051333264718
0.094108304031159967
0.12533322119542728
0.15643444960203784
0.18738129609345114
0.21814321986843829
0.24868986262216541
0.27899107850617538
0.30901696387870087
0.3387378868159483
0.36812451635522897
0.39714785144107861
0.4257792495457971
0.45399045493616552
0.48175362655844395
0.50904136551412926
0.5358267420993611
0.56208332238128733
0.58778519428516518
0.61290699316645003
0.6374239268426376
0.66131180006015489
0.68454703837215392
0.70710671140364512
0.72896855548100892
0.7501109956035531
0.77051316673543468
0.7901549343969303
0.80901691453473734
0.82708049265169448
0.84432784217704249
0.86074194205909749
0.87630659356297413
0.89100643625678111
0.90482696317051359
0.91775453511267979
0.92977639413053748
0.94088067610065296
0.95105642243735766
0.96029359090754995
0.96858306554116691
0.97591666562754531
0.98228715378879627
0.98768824312222303
0.99211460340473467
0.99556186635313371
0.99802662993508273
0.99950646172650126
0.99999990131207317
0.99950646172650126
0.99802662993508273
0.99556186635313371
0.99211460340473479
0.98768824312222303
0.98228715378879639
0.97591666562754542
0.96858306554116691
0.96029359090755007
0.95105642243735777
0.94088067610065296
0.92977639413053759
0.91775453511267979
0.90482696317051348
0.89100643625678122
0.87630659356297391
0.86074194205909749
0.84432784217704238
0.82708049265169448
0.80901691453473745
0.79015493439693019
0.77051316673543468
0.75011099560355332
0.72896855548100881
0.70710671140364523
0.68454703837215414
0.66131180006015489
0.63742392684263782
0.61290699316644992
0.58778519428516529
0.56208332238128755
0.53582674209936143
0.50904136551412904
0.48175362655844384
0.45399045493616563
0.42577924954579732
0.39714785144107906
0.36812451635522919
0.33873788681594824
0.30901696387870098
0.27899107850617566
0.24868986262216586
0.21814321986843851
0.18738129609345111
0.15643444960203795
0.12533322119542756
0.094108304031160009
0.062790513332647388
0.031410755978265543
1.2246467991473532e-16
-0.031410755978265301
-0.062790513332647152
-0.094108304031159759
-0.12533322119542731
-0.1564344496020377
-0.1873812960934513
-0.21814321986843827
-0.24868986262216519
-0.27899107850617499
-0.30901696387870076
-0.33873788681594841
-0.36812451635522897
-0.39714785144107839
-0.42577924954579671
-0.45399045493616585
-0.481753626558444
-0.50904136551412915
-0.53582674209936088
-0.562083322381287
-0.58778519428516474
-0.61290699316645014
-0.6374239268426376
-0.66131180006015478
-0.68454703837215369
-0.70710671140364478
-0.72896855548100892
-0.7501109956035531
-0.7705131667354348
-0.7901549343969303
-0.80901691453473734
-0.82708049265169437
-0.84432784217704271
-0.8607419420590976
-0.87630659356297402
-0.89100643625678111
-0.90482696317051381
-0.9177545351126799
-0.92977639413053759
-0.94088067610065296
-0.95105642243735766
-0.96029359090754995
-0.96858306554116702
-0.97591666562754542
-0.98228715378879639
-0.98768824312222292
-0.99211460340473467
-0.99556186635313371
-0.99802662993508273
-0.99950646172650126
-0.99999990131207317
-0.99950646172650126
-0.99802662993508273
-0.99556186635313371
-0.99211460340473479
-0.98768824312222303
-0.98228715378879639
-0.97591666562754553
-0.96858306554116691
-0.96029359090755007
-0.95105642243735777
-0.94088067610065307
-0.9297763941305377
-0.91775453511268013
-0.90482696317051392
-0.89100643625678166
-0.8763065935629738
-0.86074194205909726
-0.84432784217704238
-0.82708049265169459
-0.80901691453473756
-0.79015493439693052
-0.77051316673543502
-0.75011099560355365
-0.72896855548100947
-0.707106711403646
-0.68454703837215425
-0.66131180006015466
-0.6374239268426376
-0.61290699316645003
-0.5877851942851654
-0.56208332238128766
-0.53582674209936154
-0.50904136551412993
-0.48175362655844473
-0.45399045493616574
-0.42577924954579743
-0.39714785144107834
-0.36812451635522891
-0.33873788681594835
-0.30901696387870109
-0.27899107850617577
-0.24868986262216597
-0.21814321986843907
-0.18738129609345122
-0.15643444960203809
-0.12533322119542767
-0.094108304031160564
-0.062790513332647069
-0.031410759078128361
