4994.9999999999991
5995
6994.9999999999991
7994.9999999999991
8995
9994.9999999999982
10994.999999999998
11995
12995
13995
14994.999999999998
15995
16995
17995.000000000004
18995
19995
20995
21995
22995
23995
24995.000000000004
25995
26995
27995
28995
29995
30995
31995
32995
33995
34995
35995
36994.999999999993
37995
38995
39995
40995
41995
42994.999999999993
43995
44995
45995
46995
47995
48995.000000000007
49995
50995.000000000007
51995
52995.000000000007
53995
54995
55995
56995
57995.000000000007
58995
59995
60995
61995
62995.000000000007
63995
64995
65995.000000000015
66995
67995
68995
69995
70995
71995
72995
73995
74995.000000000015
75995
76995
77995.000000000015
78995
79995
80995
81995
82995
83995
84995.000000000015
85995
86995
87995.000000000015
88995
89995
90995.000000000015
91995
92995
93995
94995
95995.000000000015
96994.999999999985
97995
98995.000000000015
99995
100995
101995
102995
103995
104995
105995
106995
107995
108995
109995.00000000001
110995
111995.00000000001
112995
113995
114995
115995
116995.00000000001
117995
118994.99999999999
119995.00000000001
120995
121995
122995
123995
124995
125995
126995
127995.00000000001
128995.00000000001
129995
130995
131995
132995.00000000003
133995
134995
135995.00000000003
136995
137995
138995
139995.00000000003
140995
141995
142995
143995.00000000003
144995
145995
146995
147995.00000000003
148995
149995
150995
151995
152995
153994.99999999997
154995
155995
156995.00000000003
157995
158995
159995
160995
161995.00000000003
162995
163995
164995
165995
166995.00000000003
167995
168995
169995
170995
171995
172995.00000000003
173995
174995
175995
176995
177995
178995.00000000003
179995.00000000003
180995
181995
182994.99999999997
183995
184995
185995
186995.00000000003
187995
188995
189995
190995
191995.00000000003
192995.00000000003
193995
194995
195995
196995
197995
198995.00000000003
199995
200995
201995
202995
203995
204995
205995.00000000003
206995.00000000003
207995.00000000003
208995
209995
210995
211995
212995
213995
214995.00000000003
215995.00000000003
216995.00000000003
217995
218995
219995
220995
221995
222995
223995.00000000003
224995.00000000006
225995
226995
227995
228995
229995
230995
231994.99999999997
232995
233995.00000000003
234995.00000000003
235995.00000000003
236995
237995
238995.00000000003
239995
240995
241995
242995
243995
244995.00000000003
245995.00000000006
246995.00000000003
247995
248995
249995
250995
251995
252995
253994.99999999997
254995
255995
256995.00000000003
257995.00000000003
258995.00000000003
259995.00000000003
260995
261995
262994.99999999994
263995
264994.99999999994
265994.99999999994
266994.99999999994
267994.99999999994
268995
269995
270995
271994.99999999994
272994.99999999994
273994.99999999994
274994.99999999994
275995
276994.99999999994
277995
278994.99999999988
279994.99999999994
280994.99999999988
281994.99999999994
282995
283995.00000000006
284995
285995
286994.99999999994
287995
288994.99999999994
289995
290995
291995.00000000006
292994.99999999994
293995
294994.99999999994
295994.99999999994
296994.99999999994
297995
298994.99999999994
299995
300995
301995
302995
303994.99999999994
304995
305994.99999999994
306995
307994.99999999994
308995
309994.99999999994
310994.99999999994
311994.99999999994
312994.99999999994
313994.99999999994
314994.99999999994
315995
316994.99999999994
317995
318995.00000000006
319995
320995.00000000006
321994.99999999994
322994.99999999994
323994.99999999994
324994.99999999994
325995
326994.99999999994
327995
328995
329994.99999999994
330994.99999999994
331994.99999999994
332994.99999999994
333994.99999999994
334994.99999999994
335994.99999999994
336995
337994.99999999994
338995
339995
340995
341995
342994.99999999994
343994.99999999994
344995
345994.99999999994
346994.99999999994
347995
348994.99999999994
349995
350995
351994.99999999994
352994.99999999994
353995
354994.99999999988
355994.99999999988
356994.99999999994
357994.99999999994
358995
359995
360994.99999999994
361995
362995.00000000006
363995
364995
365995
366994.99999999994
367994.99999999994
368994.99999999994
369994.99999999994
370994.99999999994
371994.99999999994
372995
373994.99999999994
374995
375995
376995
377994.99999999994
378994.99999999994
379994.99999999994
380994.99999999994
381994.99999999994
382994.99999999994
383994.99999999994
384994.99999999994
385995
386995
387995
388995
389995.00000000006
390995
391995
392995
393995
394994.99999999994
395994.99999999994
396994.99999999994
397994.99999999994
398994.99999999994
399994.99999999994
400995
401994.99999999994
402994.99999999994
403995
404995
405995
406994.99999999994
407994.99999999994
408994.99999999994
409994.99999999994
410994.99999999988
411994.99999999994
412994.99999999994
413994.99999999994
414994.99999999994
415994.99999999994
416995
417994.99999999994
418995
419995
420995
421995
422995
423995
424994.99999999994
425995
426994.99999999994
427994.99999999994
428994.99999999994
429994.99999999994
430994.99999999994
431994.99999999994
432994.99999999994
433995
434995
435994.99999999994
436995
437995
438995
439995
440994.99999999994
441994.99999999994
442994.99999999994
443995
444994.99999999994
445994.99999999994
446994.99999999994
447994.99999999994
448994.99999999994
449994.99999999994
450994.99999999994
451994.99999999994
452995
453995
454995
455995
456995
457995
458995
459995
460995
461994.99999999994
462995
463995
464994.99999999994
465994.99999999994
466994.99999999994
467994.99999999994
468994.99999999994
469994.99999999994
470994.99999999994
471994.99999999994
472995
473995
474994.99999999994
475994.99999999994
476995
477995
478995
479995
480994.99999999994
481994.99999999994
482994.99999999994
483994.99999999994
484994.99999999994
485994.99999999988
486994.99999999994
487994.99999999994
488994.99999999994
489994.99999999994
490994.99999999994
491994.99999999994
492994.99999999994
493994.99999999994
494994.99999999994
495995
496995
497995
498995
499995
500995
501995.00000000006
502995.00000000006
503995
504995
505995
506995
507995
508995
509994.99999999994
510994.99999999994
511994.99999999994
512994.99999999994
513995
514995
515994.99999999994
516994.99999999994
517994.99999999994
518994.99999999994
519995
520995
521994.99999999994
522994.99999999994
523995
524995
525995
526994.99999999988
527994.99999999988
528994.99999999988
529994.99999999988
530995
531995
532994.99999999988
533994.99999999988
534994.99999999988
535994.99999999988
536994.99999999988
537995
538995
539994.99999999988
540994.99999999977
541994.99999999988
542994.99999999988
543994.99999999988
544995
545995
546994.99999999988
547994.99999999988
548994.99999999988
549995
550995
551995
552995
553995
554995
555994.99999999988
556995
557995
558995
559995
560995
561994.99999999988
562994.99999999988
563994.99999999988
564994.99999999988
565994.99999999988
566995
567995
568995
569994.99999999988
570994.99999999977
571994.99999999988
572994.99999999988
573994.99999999988
574995
575995
576995
577994.99999999988
578994.99999999977
579994.99999999988
580994.99999999988
581995
582995
583995
584995
585994.99999999988
586994.99999999988
587994.99999999988
588994.99999999988
589994.99999999988
590995
591995
592994.99999999988
593994.99999999988
594994.99999999977
595994.99999999977
596994.99999999988
597994.99999999988
598994.99999999988
599994.99999999988
600995
601994.99999999988
602994.99999999988
603994.99999999977
604994.99999999988
605994.99999999988
606994.99999999988
607994.99999999988
608995
609995
610995
611994.99999999988
612994.99999999988
613995
614995
615995
616995
617995
618995
619995
620995
621994.99999999988
622994.99999999988
623995
624995
625994.99999999988
626995
627995
628995
629994.99999999988
630994.99999999988
631994.99999999988
632994.99999999988
633994.99999999988
634994.99999999988
635995
636995
637995
638994.99999999988
639994.99999999988
640994.99999999977
641994.99999999988
642994.99999999988
643994.99999999988
644994.99999999988
645995
646995
647995
648995
649994.99999999988
650994.99999999977
651994.99999999988
652994.99999999988
653995
654995
655995
656995
657995
658995
659994.99999999988
660994.99999999988
661994.99999999977
662994.99999999988
663994.99999999988
664994.99999999988
665994.99999999988
666995
667995
668995
669994.99999999988
670994.99999999977
671994.99999999977
672994.99999999988
673994.99999999988
674994.99999999988
675994.99999999988
676994.99999999988
677994.99999999988
678995
679995
680994.99999999988
681994.99999999988
682994.99999999977
683994.99999999988
684994.99999999988
685994.99999999988
686994.99999999988
687995
688995
689995
690995
691994.99999999988
692994.99999999988
693994.99999999988
694994.99999999988
695995
696995
697995
698995
699995
700995
701995.00000000012
702995.00000000012
703995
704994.99999999988
705994.99999999988
706994.99999999988
707995
708995
709995
710995
711995
712995
713995
714995
715994.99999999988
716994.99999999977
717994.99999999977
718994.99999999988
719994.99999999988
720994.99999999988
721994.99999999988
722994.99999999988
723995
724995
725995
726995
727994.99999999988
728994.99999999988
729994.99999999977
730994.99999999977
731994.99999999988
732994.99999999988
733994.99999999988
734994.99999999988
735994.99999999988
736995
737995
738995
739995
740994.99999999988
741994.99999999977
742994.99999999977
743994.99999999977
744994.99999999988
745995
746995
747995
748995
749995
750995
751995
752995
753995
754994.99999999988
755994.99999999988
756994.99999999977
757994.99999999977
758994.99999999988
759994.99999999988
760994.99999999988
761994.99999999988
762994.99999999988
763995
764995
765995
766995
767994.99999999988
768994.99999999988
769994.99999999977
770994.99999999977
771994.99999999988
772994.99999999988
773994.99999999988
774994.99999999988
775994.99999999988
776994.99999999988
777995
778995
779995
780995
781995
782995
783994.99999999988
784994.99999999977
785994.99999999977
786994.99999999988
787994.99999999988
788994.99999999988
789994.99999999988
790994.99999999988
791994.99999999988
792995
793995
794995
795995
796995
797994.99999999988
798994.99999999988
799994.99999999988
800994.99999999988
801994.99999999988
802995
803995
804995
805995
806995
807995
808995.00000000012
809995.00000000012
810995.00000000012
811995.00000000012
812995
813994.99999999988
814994.99999999988
815994.99999999988
816994.99999999988
817994.99999999988
818994.99999999988
819994.99999999988
820994.99999999988
821994.99999999988
822994.99999999988
823995
824995
825995
826995
827995
828994.99999999988
829994.99999999988
830994.99999999977
831994.99999999977
832994.99999999988
833994.99999999988
834994.99999999988
835994.99999999988
836994.99999999988
837994.99999999988
838994.99999999988
839995
840995
841995
842995
843995
844994.99999999988
845994.99999999988
846994.99999999988
847994.99999999977
848994.99999999977
849994.99999999977
850994.99999999988
851994.99999999988
852994.99999999988
853994.99999999988
854994.99999999988
855994.99999999988
856994.99999999988
857995
858995
859995
860995
861995
862994.99999999988
863994.99999999988
864994.99999999977
865994.99999999977
866994.99999999977
867994.99999999988
868995
869995
870995
871995
872995
873995
874995
875995
876995
877995
878995
879995
880995
881994.99999999988
882994.99999999988
883994.99999999977
884994.99999999977
885994.99999999977
886994.99999999988
887994.99999999988
888994.99999999988
889994.99999999988
890994.99999999988
891994.99999999988
892994.99999999988
893995
894995
895995
896995
897995
898994.99999999988
899994.99999999988
900994.99999999988
901994.99999999977
902994.99999999977
903994.99999999977
904994.99999999988
905994.99999999988
906994.99999999988
907994.99999999988
908994.99999999988
909994.99999999988
910994.99999999988
911994.99999999988
912995
913995
914995
915995
916995
917995
918995
919995
920994.99999999988
921994.99999999977
922994.99999999977
923994.99999999977
924994.99999999977
925994.99999999988
926995
927995
928995
929995
930995
931995
932995
933995
934995
935995
936995
937995
938995
939995
940994.99999999988
941994.99999999988
942994.99999999988
943994.99999999988
944994.99999999988
945994.99999999988
946995
947995
948995
949995
950995
951995
952995
953995
954995
955995
956995.00000000012
957995.00000000012
958995.00000000012
959995.00000000012
960995
961995
962994.99999999988
963994.99999999988
964994.99999999988
965994.99999999988
966994.99999999988
967994.99999999988
968994.99999999988
969994.99999999988
970994.99999999988
971994.99999999988
972994.99999999988
973994.99999999988
974994.99999999988
975995
976995
977995
978995
979995
980995
981995
982994.99999999988
983994.99999999988
984994.99999999988
985994.99999999977
986994.99999999977
987994.99999999977
988994.99999999977
989994.99999999988
990994.99999999988
991994.99999999988
992994.99999999988
993994.99999999988
994994.99999999988
995994.99999999988
996994.99999999988
997994.99999999988
998994.99999999988
999995
1000995
1001995
1002995
1003995
